4 0.20364583333333333 0.4305555555555556 0.046875 0.26851851851851855
2 0.30182291666666666 0.46111111111111114 0.038802083333333334 0.08194444444444444
3 0.26458333333333334 0.3111111111111111 0.04895833333333333 0.09027777777777778
3 0.24166666666666667 0.2324074074074074 0.04375 0.05324074074074074
2 0.3880208333333333 0.36342592592592593 0.0484375 0.14583333333333334
2 0.44817708333333334 0.36435185185185187 0.0359375 0.13472222222222222
0 0.3385416666666667 0.21481481481481482 0.0640625 0.12962962962962962
3 0.5481770833333334 0.29583333333333334 0.07161458333333333 0.14537037037037037
2 0.46901041666666665 0.06898148148148148 0.03229166666666667 0.09537037037037037
2 0.53125 0.04351851851851852 0.03229166666666667 0.07731481481481481
3 0.49947916666666664 0.03564814814814815 0.025260416666666667 0.0712962962962963
2 0.73125 0.6675925925925926 0.08072916666666667 0.2550925925925926
3 0.7677083333333333 0.3384259259259259 0.06692708333333333 0.0912037037037037
2 0.7903645833333334 0.25601851851851853 0.03828125 0.09351851851851851
3 0.8299479166666667 0.2523148148148148 0.0234375 0.07314814814814814
1 0.48880208333333336 0.4810185185185185 0.023177083333333334 0.10601851851851851