3 0.35130208333333335 0.3106481481481482 0.0375 0.11388888888888889
3 0.3609375 0.20092592592592592 0.03802083333333333 0.0787037037037037
3 0.40598958333333335 0.2222222222222222 0.0375 0.10092592592592593
3 0.4317708333333333 0.1550925925925926 0.04088541666666667 0.07175925925925926
3 0.4817708333333333 0.1648148148148148 0.030989583333333334 0.0787037037037037
2 0.4822916666666667 0.09027777777777778 0.029166666666666667 0.049074074074074076
4 0.61328125 0.075 0.030208333333333334 0.11666666666666667
0 0.6140625 0.15833333333333333 0.032552083333333336 0.04814814814814815
3 0.6614583333333334 0.10925925925925926 0.0265625 0.08148148148148149
5 0.5200520833333333 0.1125 0.006510416666666667 0.04814814814814815
3 0.5776041666666667 0.08657407407407407 0.02265625 0.060648148148148145
3 0.6416666666666667 0.21481481481481482 0.05520833333333333 0.1050925925925926
3 0.8395833333333333 0.19907407407407407 0.0265625 0.05416666666666667
1 0.7859375 0.19212962962962962 0.04973958333333333 0.07361111111111111
2 0.7736979166666667 0.2523148148148148 0.03697916666666667 0.08703703703703704
2 0.8286458333333333 0.26435185185185184 0.035416666666666666 0.09537037037037037