4 0.023697916666666666 0.4583333333333333 0.037760416666666664 0.2337962962962963
4 0.09244791666666667 0.42685185185185187 0.05963541666666667 0.2162037037037037
4 0.15807291666666667 0.4217592592592593 0.034375 0.3375
4 0.25677083333333334 0.21666666666666667 0.05390625 0.21064814814814814
4 0.19739583333333333 0.2726851851851852 0.05963541666666667 0.18194444444444444
4 0.35546875 0.31203703703703706 0.05703125 0.2740740740740741
4 0.49635416666666665 0.2199074074074074 0.05651041666666667 0.19675925925925927
4 0.5578125 0.1476851851851852 0.03046875 0.1361111111111111
4 0.5221354166666666 0.1310185185185185 0.034895833333333334 0.1875
2 0.5221354166666666 0.0787037037037037 0.03046875 0.08148148148148149
2 0.66796875 0.10740740740740741 0.04192708333333333 0.07916666666666666
4 0.8481770833333333 0.4444444444444444 0.06536458333333334 0.4393518518518518
3 0.7182291666666667 0.3055555555555556 0.06744791666666666 0.15648148148148147
1 0.7848958333333333 0.28703703703703703 0.01875 0.050462962962962966
4 0.8028645833333333 0.17777777777777778 0.051041666666666666 0.09814814814814815
3 0.83828125 0.16574074074074074 0.027083333333333334 0.0837962962962963
3 0.8135416666666667 0.11203703703703703 0.025260416666666667 0.031018518518518518