4 0.3625 0.7472222222222222 0.075 0.26481481481481484
2 0.35885416666666664 0.3398148148148148 0.03854166666666667 0.10925925925925926
2 0.24791666666666667 0.44351851851851853 0.035416666666666666 0.1388888888888889
2 0.19583333333333333 0.4111111111111111 0.03958333333333333 0.11481481481481481
2 0.31302083333333336 0.3768518518518518 0.028125 0.07592592592592592
2 0.5143229166666666 0.375 0.025260416666666667 0.06342592592592593
2 0.5567708333333333 0.3509259259259259 0.025 0.034722222222222224
2 0.5955729166666667 0.38472222222222224 0.028125 0.06712962962962964
2 0.46145833333333336 0.4217592592592593 0.022916666666666665 0.059722222222222225
3 0.31223958333333335 0.524537037037037 0.051041666666666666 0.12129629629629629
3 0.5083333333333333 0.31527777777777777 0.026041666666666668 0.04814814814814815
1 0.5604166666666667 0.862037037037037 0.027083333333333334 0.028703703703703703
1 0.575 0.9143518518518519 0.0375 0.020833333333333332