4 0.28125 0.44907407407407407 0.09583333333333334 0.4759259259259259
3 0.6765625 0.1574074074074074 0.04895833333333333 0.12222222222222222
2 0.49635416666666665 0.09814814814814815 0.042708333333333334 0.1111111111111111
3 0.5325520833333334 0.25601851851851853 0.04895833333333333 0.14675925925925926
2 0.5848958333333333 0.0824074074074074 0.026302083333333334 0.08981481481481482
5 0.5911458333333334 0.30787037037037035 0.02578125 0.10972222222222222
2 0.54140625 0.08055555555555556 0.03125 0.1175925925925926
2 0.3609375 0.19814814814814816 0.0359375 0.06574074074074074
3 0.7997395833333333 0.1574074074074074 0.03697916666666667 0.0837962962962963
3 0.7682291666666666 0.2638888888888889 0.04140625 0.10555555555555556
1 0.8109375 0.3736111111111111 0.08619791666666667 0.1175925925925926
2 0.35494791666666664 0.2708333333333333 0.03177083333333333 0.062037037037037036
2 0.39817708333333335 0.20092592592592592 0.03177083333333333 0.06435185185185185
3 0.6765625 0.15833333333333333 0.04583333333333333 0.09398148148148149
2 0.8380208333333333 0.15694444444444444 0.016145833333333335 0.05416666666666667
2 0.8473958333333333 0.21898148148148147 0.03359375 0.04953703703703704
2 0.6033854166666667 0.16064814814814815 0.036458333333333336 0.05555555555555555
3 0.6127604166666667 0.0587962962962963 0.021875 0.05185185185185185