4 0.37265625 0.6805555555555556 0.09140625 0.32037037037037036
2 0.5106770833333333 0.7092592592592593 0.052083333333333336 0.10925925925925926
1 0.571875 0.8944444444444445 0.017708333333333333 0.08194444444444444
2 0.58671875 0.6513888888888889 0.047135416666666666 0.08796296296296297
2 0.24947916666666667 0.4287037037037037 0.04609375 0.08194444444444444
2 0.35546875 0.32407407407407407 0.025520833333333333 0.058333333333333334
0 0.38984375 0.3375 0.040364583333333336 0.07222222222222222
2 0.46067708333333335 0.3074074074074074 0.022135416666666668 0.06296296296296296
2 0.41770833333333335 0.4671296296296296 0.037760416666666664 0.0699074074074074
2 0.46432291666666664 0.41759259259259257 0.041666666666666664 0.08657407407407407
2 0.6239583333333333 0.5439814814814815 0.047135416666666666 0.12731481481481483
5 0.6520833333333333 0.7532407407407408 0.021614583333333333 0.09444444444444444
3 0.30520833333333336 0.5189814814814815 0.038802083333333334 0.125