2 0.4979166666666667 0.44074074074074077 0.08958333333333333 0.17407407407407408
2 0.6229166666666667 0.6203703703703703 0.11666666666666667 0.25925925925925924
3 0.7963541666666667 0.5166666666666667 0.10729166666666666 0.2
2 0.1890625 0.35833333333333334 0.04479166666666667 0.10925925925925926
0 0.53125 0.2212962962962963 0.05625 0.09444444444444444
2 0.3828125 0.3148148148148148 0.05286458333333333 0.0962962962962963
6 0.35494791666666664 0.44305555555555554 0.03567708333333333 0.05648148148148148
6 0.5950520833333334 0.1625 0.020833333333333332 0.024074074074074074
3 0.8328125 0.1986111111111111 0.04505208333333333 0.1037037037037037
3 0.3109375 0.2037037037037037 0.059375 0.1125
2 0.43645833333333334 0.10925925925925926 0.03229166666666667 0.055092592592592596
6 0.4822916666666667 0.12037037037037036 0.021614583333333333 0.023148148148148147