4 0.2109375 0.35185185185185186 0.034375 0.15185185185185185
2 0.25104166666666666 0.4152777777777778 0.026302083333333334 0.10185185185185185
0 0.26796875 0.36018518518518516 0.043229166666666666 0.08888888888888889
2 0.3307291666666667 0.48148148148148145 0.032552083333333336 0.05740740740740741
4 0.26875 0.7662037037037037 0.07942708333333333 0.44675925925925924
1 0.5078125 0.812962962962963 0.06432291666666666 0.06574074074074074
2 0.6028645833333334 0.7893518518518519 0.053125 0.1125
2 0.6078125 0.6412037037037037 0.05 0.13564814814814816
2 0.5171875 0.3925925925925926 0.02734375 0.09166666666666666
3 0.41328125 0.3212962962962963 0.03984375 0.08194444444444444
4 0.3234375 0.26805555555555555 0.029427083333333333 0.11574074074074074
4 0.2864583333333333 0.2828703703703704 0.034895833333333334 0.11666666666666667
3 0.47604166666666664 0.31851851851851853 0.019791666666666666 0.06388888888888888
4 0.6690104166666667 0.4027777777777778 0.0328125 0.11342592592592593
2 0.72890625 0.5171296296296296 0.039322916666666666 0.08703703703703704
2 0.690625 0.5745370370370371 0.035416666666666666 0.1087962962962963
3 0.5510416666666667 0.40925925925925927 0.035416666666666666 0.06898148148148148
2 0.44869791666666664 0.44074074074074077 0.0359375 0.047685185185185185