0 0.58359375 0.875 0.08359375 0.11712962962962963
6 0.41796875 0.9462962962962963 0.0375 0.08981481481481482
2 0.2 0.3851851851851852 0.03619791666666667 0.08425925925925926
2 0.2682291666666667 0.35833333333333334 0.028125 0.07222222222222222
2 0.48489583333333336 0.29583333333333334 0.022135416666666668 0.06388888888888888
2 0.36015625 0.3421296296296296 0.04140625 0.09259259259259259
4 0.6125 0.5092592592592593 0.044270833333333336 0.18518518518518517
0 0.6479166666666667 0.7643518518518518 0.05520833333333333 0.11990740740740741
3 0.50546875 0.39861111111111114 0.03307291666666667 0.08148148148148149
3 0.41796875 0.48657407407407405 0.04895833333333333 0.11851851851851852
0 0.5002604166666667 0.4837962962962963 0.046875 0.06666666666666667
3 0.3072916666666667 0.5277777777777778 0.07916666666666666 0.13333333333333333
2 0.459375 0.48333333333333334 0.025 0.07777777777777778