2 0.603125 0.8018518518518518 0.053385416666666664 0.09490740740740741
1 0.5755208333333334 0.8935185185185185 0.034375 0.0625
2 0.5572916666666666 0.6356481481481482 0.03567708333333333 0.06018518518518518
1 0.49244791666666665 0.7773148148148148 0.03619791666666667 0.08935185185185185
2 0.59453125 0.6356481481481482 0.032552083333333336 0.06944444444444445
2 0.6479166666666667 0.5212962962962963 0.03802083333333333 0.10462962962962963
3 0.68125 0.47638888888888886 0.020833333333333332 0.06018518518518518
2 0.7096354166666666 0.4115740740740741 0.020833333333333332 0.04351851851851852
4 0.7635416666666667 0.4601851851851852 0.03333333333333333 0.1527777777777778
4 0.14270833333333333 0.5273148148148148 0.06901041666666667 0.37546296296296294
2 0.22786458333333334 0.4212962962962963 0.04791666666666667 0.11203703703703703
4 0.31796875 0.275 0.034895833333333334 0.10601851851851851
3 0.3059895833333333 0.3763888888888889 0.04869791666666667 0.09398148148148149
2 0.36302083333333335 0.337037037037037 0.03203125 0.09305555555555556
2 0.4109375 0.33240740740740743 0.034895833333333334 0.07083333333333333
4 0.321875 0.6754629629629629 0.07630208333333334 0.3675925925925926
3 0.4388020833333333 0.5032407407407408 0.05 0.12638888888888888
1 0.4713541666666667 0.5444444444444444 0.023958333333333335 0.075
0 0.4830729166666667 0.4027777777777778 0.06171875 0.08009259259259259
3 0.5565104166666667 0.41898148148148145 0.03854166666666667 0.11481481481481481