6 0.2986979166666667 0.3050925925925926 0.011979166666666667 0.021296296296296296
6 0.25807291666666665 0.6134259259259259 0.022395833333333334 0.018055555555555554
6 0.09661458333333334 0.42314814814814816 0.012239583333333333 0.03009259259259259
0 0.4395833333333333 0.34814814814814815 0.045572916666666664 0.07685185185185185
1 0.5549479166666667 0.37824074074074077 0.008333333333333333 0.018055555555555554
6 0.47317708333333336 0.21203703703703702 0.016145833333333335 0.018518518518518517
6 0.5020833333333333 0.19074074074074074 0.009114583333333334 0.013425925925925926
6 0.6458333333333334 0.2537037037037037 0.01015625 0.02175925925925926
6 0.5419270833333333 0.18333333333333332 0.01171875 0.01898148148148148
3 0.75078125 0.15555555555555556 0.030208333333333334 0.06342592592592593
3 0.5614583333333333 0.23796296296296296 0.02578125 0.050462962962962966
2 0.15390625 0.48564814814814816 0.034895833333333334 0.06620370370370371
2 0.19166666666666668 0.46064814814814814 0.028645833333333332 0.06435185185185185