2 0.15885416666666666 0.48935185185185187 0.041666666666666664 0.0787037037037037
6 0.09817708333333333 0.4236111111111111 0.01328125 0.026851851851851852
2 0.07526041666666666 0.39490740740740743 0.018489583333333334 0.04814814814814815
6 0.2986979166666667 0.30833333333333335 0.01640625 0.022685185185185187
6 0.41822916666666665 0.3925925925925926 0.017708333333333333 0.027777777777777776
0 0.44296875 0.3425925925925926 0.04635416666666667 0.07083333333333333
6 0.35390625 0.2796296296296296 0.019010416666666665 0.01990740740740741
6 0.475 0.2111111111111111 0.013020833333333334 0.020833333333333332
2 0.6463541666666667 0.25555555555555554 0.018229166666666668 0.025925925925925925
2 0.5122395833333333 0.07777777777777778 0.01640625 0.0412037037037037
2 0.20755208333333333 0.45601851851851855 0.030989583333333334 0.08101851851851852
6 0.39114583333333336 0.3162037037037037 0.01640625 0.03148148148148148