4 0.9270833333333334 0.5472222222222223 0.1 0.4759259259259259
6 0.20208333333333334 0.6796296296296296 0.022916666666666665 0.05555555555555555
6 0.2755208333333333 0.6342592592592593 0.023958333333333335 0.053703703703703705
3 0.22239583333333332 0.4824074074074074 0.07395833333333333 0.1537037037037037
6 0.4205729166666667 0.38564814814814813 0.019270833333333334 0.03657407407407407
0 0.44557291666666665 0.3425925925925926 0.04869791666666667 0.07175925925925926
6 0.29739583333333336 0.3060185185185185 0.019791666666666666 0.02638888888888889
6 0.6473958333333333 0.25416666666666665 0.017708333333333333 0.02638888888888889
6 0.5442708333333334 0.18333333333333332 0.010416666666666666 0.024537037037037038
6 0.47552083333333334 0.21203703703703702 0.017708333333333333 0.022685185185185187
6 0.49947916666666664 0.1912037037037037 0.012760416666666666 0.016666666666666666