4 0.8979166666666667 0.5398148148148149 0.14140625 0.4444444444444444
6 0.19817708333333334 0.6773148148148148 0.02734375 0.04722222222222222
6 0.27057291666666666 0.6305555555555555 0.025 0.0375
2 0.0609375 0.5361111111111111 0.0328125 0.059722222222222225
6 0.4244791666666667 0.3921296296296296 0.02421875 0.03888888888888889
6 0.29765625 0.3037037037037037 0.01484375 0.02361111111111111
0 0.4557291666666667 0.337037037037037 0.03984375 0.05694444444444444
3 0.3140625 0.17222222222222222 0.03359375 0.058333333333333334
3 0.5955729166666667 0.22407407407407406 0.04609375 0.08611111111111111
6 0.4744791666666667 0.2101851851851852 0.011197916666666667 0.018055555555555554
6 0.5434895833333333 0.18611111111111112 0.015364583333333333 0.020370370370370372
5 0.7296875 0.18194444444444444 0.01015625 0.05740740740740741
6 0.5044270833333333 0.1884259259259259 0.010677083333333334 0.012037037037037037