4 0.9046875 0.5638888888888889 0.09895833333333333 0.4425925925925926
6 0.20104166666666667 0.6800925925925926 0.019791666666666666 0.03981481481481482
6 0.2755208333333333 0.6342592592592593 0.019270833333333334 0.03796296296296296
2 0.07447916666666667 0.44814814814814813 0.023958333333333335 0.05
6 0.0984375 0.4203703703703704 0.0140625 0.03194444444444444
6 0.29973958333333334 0.30833333333333335 0.0140625 0.022685185185185187
6 0.41822916666666665 0.3902777777777778 0.02109375 0.03287037037037037
6 0.4080729166666667 0.30648148148148147 0.015364583333333333 0.03287037037037037
0 0.33984375 0.24953703703703703 0.047135416666666666 0.060648148148148145
6 0.47109375 0.2152777777777778 0.015625 0.01712962962962963
6 0.5052083333333334 0.19074074074074074 0.010416666666666666 0.01712962962962963
6 0.5434895833333333 0.18518518518518517 0.014322916666666666 0.020370370370370372
5 0.81015625 0.2101851851851852 0.009635416666666667 0.04490740740740741