4 0.9442708333333333 0.5851851851851851 0.09895833333333333 0.5037037037037037
6 0.27291666666666664 0.6328703703703704 0.025 0.04212962962962963
6 0.20052083333333334 0.6851851851851852 0.02265625 0.044444444444444446
5 0.07890625 0.40925925925925927 0.014322916666666666 0.06435185185185185
6 0.2994791666666667 0.30648148148148147 0.013020833333333334 0.018055555555555554
6 0.42213541666666665 0.39305555555555555 0.01484375 0.037037037037037035
2 0.3924479166666667 0.2726851851851852 0.027864583333333335 0.06296296296296296
0 0.39505208333333336 0.2212962962962963 0.044270833333333336 0.06435185185185185
6 0.3536458333333333 0.27824074074074073 0.013541666666666667 0.020833333333333332
5 0.32473958333333336 0.14212962962962963 0.010677083333333334 0.044444444444444446
6 0.4734375 0.21342592592592594 0.01171875 0.01990740740740741
6 0.5028645833333333 0.19305555555555556 0.01171875 0.022222222222222223
6 0.5424479166666667 0.17916666666666667 0.015364583333333333 0.018055555555555554
3 0.6080729166666666 0.23148148148148148 0.05026041666666667 0.0875
0 0.45546875 0.34074074074074073 0.046875 0.07268518518518519