6 0.29765625 0.30833333333333335 0.016145833333333335 0.023148148148148147
5 0.39947916666666666 0.22083333333333333 0.01328125 0.05787037037037037
6 0.4197916666666667 0.38657407407407407 0.020052083333333335 0.02175925925925926
6 0.64609375 0.2587962962962963 0.01484375 0.025925925925925925
2 0.6703125 0.12453703703703704 0.016145833333333335 0.047685185185185185
6 0.47291666666666665 0.2111111111111111 0.011979166666666667 0.020370370370370372
6 0.5044270833333333 0.19027777777777777 0.008854166666666666 0.013888888888888888
6 0.5440104166666667 0.18564814814814815 0.010677083333333334 0.014814814814814815
2 0.21276041666666667 0.5574074074074075 0.03828125 0.0712962962962963
2 0.15208333333333332 0.487962962962963 0.029166666666666667 0.06157407407407407
1 0.14583333333333334 0.6819444444444445 0.01640625 0.05185185185185185
1 0.09427083333333333 0.7194444444444444 0.017708333333333333 0.04722222222222222
6 0.09765625 0.425462962962963 0.013020833333333334 0.02638888888888889
3 0.15885416666666666 0.36527777777777776 0.05182291666666667 0.06712962962962964
0 0.44479166666666664 0.3416666666666667 0.042708333333333334 0.06342592592592593
1 0.5546875 0.37453703703703706 0.009114583333333334 0.021296296296296296
4 0.9776041666666667 0.562037037037037 0.04479166666666667 0.37962962962962965