6 0.19921875 0.6828703703703703 0.0296875 0.03611111111111111
6 0.27786458333333336 0.6342592592592593 0.03229166666666667 0.03657407407407407
3 0.16145833333333334 0.3592592592592593 0.06510416666666667 0.06527777777777778
1 0.44166666666666665 0.34675925925925927 0.05364583333333333 0.07037037037037037
6 0.29661458333333335 0.3055555555555556 0.022395833333333334 0.016666666666666666
6 0.35442708333333334 0.27824074074074073 0.017708333333333333 0.01990740740740741
6 0.47291666666666665 0.21157407407407408 0.016927083333333332 0.01990740740740741
6 0.5401041666666667 0.18425925925925926 0.01640625 0.01990740740740741
6 0.5046875 0.18935185185185185 0.012760416666666666 0.01898148148148148
5 0.6307291666666667 0.22870370370370371 0.0140625 0.06435185185185185
4 0.9020833333333333 0.5555555555555556 0.08567708333333333 0.43796296296296294