4 0.9109375 0.5611111111111111 0.08854166666666667 0.43333333333333335
6 0.4203125 0.3902777777777778 0.015104166666666667 0.026851851851851852
3 0.38515625 0.14722222222222223 0.039322916666666666 0.06111111111111111
3 0.6127604166666667 0.2337962962962963 0.059895833333333336 0.0763888888888889
3 0.16197916666666667 0.3638888888888889 0.04088541666666667 0.07268518518518519
6 0.09661458333333334 0.425462962962963 0.015104166666666667 0.031018518518518518
2 0.05755208333333333 0.5296296296296297 0.031510416666666666 0.06620370370370371
2 0.203125 0.6791666666666667 0.016927083333333332 0.041666666666666664
6 0.27447916666666666 0.6337962962962963 0.0234375 0.03518518518518519
1 0.0921875 0.7152777777777778 0.015104166666666667 0.05324074074074074
1 0.14375 0.6837962962962963 0.009635416666666667 0.050462962962962966