4 0.9125 0.5546296296296296 0.11041666666666666 0.4759259259259259
6 0.275 0.6296296296296297 0.022916666666666665 0.040740740740740744
6 0.2 0.6842592592592592 0.027083333333333334 0.046296296296296294
6 0.2984375 0.30787037037037035 0.020572916666666666 0.024074074074074074
6 0.41796875 0.38842592592592595 0.019791666666666666 0.03009259259259259
6 0.5434895833333333 0.18518518518518517 0.01171875 0.018518518518518517
6 0.47369791666666666 0.21203703703703702 0.0140625 0.01574074074074074
6 0.49895833333333334 0.33796296296296297 0.007552083333333333 0.020370370370370372
0 0.45078125 0.3425925925925926 0.04296875 0.07453703703703704
5 0.7333333333333333 0.17962962962962964 0.013020833333333334 0.04722222222222222
5 0.6307291666666667 0.22777777777777777 0.009635416666666667 0.055092592592592596
3 0.7700520833333333 0.22083333333333333 0.033854166666666664 0.07777777777777778