4 0.9473958333333333 0.5953703703703703 0.09270833333333334 0.5018518518518519
6 0.2609375 0.6087962962962963 0.021614583333333333 0.02962962962962963
6 0.4205729166666667 0.3861111111111111 0.016145833333333335 0.020370370370370372
6 0.64375 0.2518518518518518 0.02109375 0.02962962962962963
6 0.4747395833333333 0.21435185185185185 0.0140625 0.020370370370370372
2 0.38125 0.2611111111111111 0.027604166666666666 0.06342592592592593
6 0.40963541666666664 0.3 0.016666666666666666 0.02361111111111111
6 0.29921875 0.30462962962962964 0.017447916666666667 0.022222222222222223
6 0.35963541666666665 0.1425925925925926 0.010416666666666666 0.018518518518518517
6 0.5434895833333333 0.18425925925925926 0.01015625 0.01712962962962963
3 0.31354166666666666 0.17453703703703705 0.038802083333333334 0.06481481481481481
6 0.7848958333333333 0.20555555555555555 0.01328125 0.022222222222222223