6 0.27317708333333335 0.6333333333333333 0.027083333333333334 0.03657407407407407
6 0.21119791666666668 0.662962962962963 0.027083333333333334 0.03333333333333333
2 0.08203125 0.4462962962962963 0.03177083333333333 0.05648148148148148
6 0.41692708333333334 0.3902777777777778 0.025520833333333333 0.034722222222222224
6 0.29921875 0.3050925925925926 0.018489583333333334 0.02175925925925926
2 0.37473958333333335 0.2564814814814815 0.0234375 0.046296296296296294
6 0.47239583333333335 0.21157407407407408 0.0125 0.018518518518518517
6 0.5033854166666667 0.1875 0.010416666666666666 0.013888888888888888
6 0.54375 0.18564814814814815 0.012239583333333333 0.01898148148148148
6 0.6442708333333333 0.25092592592592594 0.0140625 0.01898148148148148
6 0.7822916666666667 0.2023148148148148 0.013541666666666667 0.01898148148148148
6 0.70703125 0.1439814814814815 0.0067708333333333336 0.016666666666666666
2 0.5294270833333333 0.09212962962962963 0.0203125 0.03148148148148148
2 0.3885416666666667 0.2013888888888889 0.01796875 0.04398148148148148
6 0.35494791666666664 0.18333333333333332 0.012760416666666666 0.016203703703703703
3 0.5072916666666667 0.37592592592592594 0.06875 0.14814814814814814