4 0.9125 0.5625 0.125 0.44351851851851853
6 0.27395833333333336 0.6361111111111111 0.02421875 0.031018518518518518
6 0.19869791666666667 0.6824074074074075 0.0265625 0.03148148148148148
2 0.21380208333333334 0.46574074074074073 0.05703125 0.09351851851851851
3 0.5169270833333334 0.3921296296296296 0.05911458333333333 0.11435185185185186
6 0.2921875 0.30694444444444446 0.028645833333333332 0.027314814814814816
6 0.35494791666666664 0.2796296296296296 0.018229166666666668 0.022685185185185187
6 0.4036458333333333 0.3101851851851852 0.027083333333333334 0.020370370370370372
6 0.47369791666666666 0.20972222222222223 0.017708333333333333 0.018055555555555554
6 0.5440104166666667 0.18425925925925926 0.01484375 0.01898148148148148
2 0.5940104166666667 0.22407407407407406 0.04140625 0.08287037037037037
2 0.5192708333333333 0.0875 0.026041666666666668 0.04212962962962963