4 0.8963541666666667 0.5685185185185185 0.103125 0.5
6 0.275 0.6361111111111111 0.01875 0.0375
6 0.20234375 0.6851851851851852 0.020052083333333335 0.03194444444444444
3 0.15729166666666666 0.5203703703703704 0.05755208333333333 0.14166666666666666
1 0.29739583333333336 0.28564814814814815 0.009114583333333334 0.02824074074074074
0 0.39348958333333334 0.22037037037037038 0.03802083333333333 0.04259259259259259
6 0.40911458333333334 0.30833333333333335 0.01796875 0.02638888888888889
6 0.4747395833333333 0.2111111111111111 0.012239583333333333 0.01898148148148148
6 0.5432291666666667 0.18287037037037038 0.011458333333333333 0.023148148148148147
6 0.5036458333333333 0.19074074074074074 0.0078125 0.018055555555555554
5 0.6296875 0.23194444444444445 0.014583333333333334 0.049074074074074076
2 0.5791666666666667 0.09953703703703703 0.020572916666666666 0.05092592592592592