4 0.93125 0.5648148148148148 0.08333333333333333 0.4925925925925926
6 0.22447916666666667 0.5231481481481481 0.01796875 0.032407407407407406
6 0.25755208333333335 0.6092592592592593 0.02578125 0.027777777777777776
3 0.3846354166666667 0.21944444444444444 0.04609375 0.07453703703703704
6 0.4166666666666667 0.3875 0.020833333333333332 0.03194444444444444
3 0.5020833333333333 0.37453703703703706 0.049479166666666664 0.13287037037037036
3 0.54609375 0.3458333333333333 0.03229166666666667 0.13055555555555556
6 0.63984375 0.25416666666666665 0.015885416666666666 0.037037037037037035
0 0.4440104166666667 0.3435185185185185 0.042708333333333334 0.05740740740740741
6 0.38984375 0.31527777777777777 0.019270833333333334 0.03564814814814815
6 0.47109375 0.21574074074074073 0.015625 0.02824074074074074
6 0.53984375 0.1824074074074074 0.013541666666666667 0.018055555555555554
6 0.09713541666666667 0.42314814814814816 0.011458333333333333 0.022685185185185187
2 0.15208333333333332 0.48148148148148145 0.033854166666666664 0.05648148148148148