4 0.5682291666666667 0.1398148148148148 0.046875 0.2462962962962963
6 0.47291666666666665 0.487962962962963 0.04791666666666667 0.07592592592592592
2 0.715625 0.1814814814814815 0.05625 0.14444444444444443
2 0.8354166666666667 0.29907407407407405 0.041666666666666664 0.14629629629629629
2 0.3958333333333333 0.2759259259259259 0.04791666666666667 0.12962962962962962
2 0.3109375 0.27314814814814814 0.03229166666666667 0.060648148148148145
6 0.1453125 0.3824074074074074 0.013802083333333333 0.02962962962962963
0 0.14609375 0.3638888888888889 0.07473958333333333 0.09537037037037037
6 0.4552083333333333 0.25277777777777777 0.016666666666666666 0.027314814814814816
6 0.3421875 0.22685185185185186 0.022395833333333334 0.03981481481481482
2 0.6661458333333333 0.3277777777777778 0.0453125 0.07546296296296297