4 0.3953125 0.3175925925925926 0.04895833333333333 0.31666666666666665
4 0.6651041666666667 0.13703703703703704 0.051041666666666666 0.17037037037037037
4 0.7098958333333333 0.08333333333333333 0.036458333333333336 0.11851851851851852
4 0.7828125 0.0962962962962963 0.03854166666666667 0.08888888888888889
2 0.7963541666666667 0.17592592592592593 0.036458333333333336 0.07037037037037037
2 0.6270833333333333 0.48148148148148145 0.05 0.12222222222222222
1 0.6296875 0.6185185185185185 0.034375 0.07777777777777778
2 0.7630208333333334 0.5120370370370371 0.06145833333333333 0.12407407407407407
1 0.7177083333333333 0.6444444444444445 0.022916666666666665 0.09259259259259259
1 0.8020833333333334 0.6842592592592592 0.029166666666666667 0.09444444444444444
6 0.7473958333333334 0.4185185185185185 0.028125 0.05185185185185185
5 0.2791666666666667 0.2851851851851852 0.020833333333333332 0.07777777777777778
2 0.9307291666666667 0.2074074074074074 0.04479166666666667 0.08518518518518518