6 0.8309895833333333 0.5634259259259259 0.04583333333333333 0.049074074074074076
6 0.9625 0.5898148148148148 0.04348958333333333 0.055092592592592596
6 0.390625 0.5148148148148148 0.04244791666666667 0.047685185185185185
3 0.5424479166666667 0.48055555555555557 0.06484375 0.15185185185185185
3 0.33151041666666664 0.4685185185185185 0.06692708333333333 0.10138888888888889
3 0.26458333333333334 0.4597222222222222 0.04921875 0.11296296296296296
3 0.20026041666666666 0.45694444444444443 0.05703125 0.09537037037037037
3 0.140625 0.4412037037037037 0.04453125 0.10277777777777777
3 0.07473958333333333 0.4351851851851852 0.046875 0.11157407407407408
3 0.01953125 0.425 0.0390625 0.09074074074074075
3 0.7385416666666667 0.4398148148148148 0.03515625 0.07546296296296297
0 0.6901041666666666 0.42685185185185187 0.05703125 0.055092592592592596
0 0.8653645833333333 0.4273148148148148 0.05026041666666667 0.046296296296296294
3 0.7776041666666667 0.4148148148148148 0.04401041666666667 0.05092592592592592
0 0.8677083333333333 0.3773148148148148 0.04921875 0.04675925925925926