0 0.56171875 0.6504629629629629 0.08515625 0.1476851851851852
0 0.64765625 0.7425925925925926 0.07916666666666666 0.13194444444444445
0 0.77578125 0.8393518518518519 0.09192708333333334 0.16342592592592592
0 0.6255208333333333 0.5361111111111111 0.05625 0.10185185185185185
0 0.7169270833333333 0.5907407407407408 0.061197916666666664 0.10555555555555556
0 0.8114583333333333 0.6444444444444445 0.062239583333333334 0.11435185185185186
0 0.5291666666666667 0.4587962962962963 0.053385416666666664 0.08796296296296297
0 0.46484375 0.41759259259259257 0.045572916666666664 0.09675925925925925
0 0.42239583333333336 0.37453703703703706 0.03177083333333333 0.07731481481481481
0 0.37578125 0.3287037037037037 0.04140625 0.07037037037037037
0 0.3302083333333333 0.29074074074074074 0.04348958333333333 0.06851851851851852
0 0.43020833333333336 0.5416666666666666 0.04739583333333333 0.08796296296296297
5 0.49453125 0.2662037037037037 0.017708333333333333 0.05787037037037037
2 0.45651041666666664 0.2796296296296296 0.03463541666666667 0.0912037037037037
2 0.8049479166666667 0.3685185185185185 0.0375 0.09675925925925925
0 0.8583333333333333 0.38055555555555554 0.045572916666666664 0.07546296296296297
0 0.5903645833333333 0.39814814814814814 0.053385416666666664 0.09305555555555556
0 0.5348958333333333 0.36898148148148147 0.03958333333333333 0.07037037037037037
0 0.6822916666666666 0.46064814814814814 0.04140625 0.07731481481481481
0 0.69921875 0.30324074074074076 0.03958333333333333 0.05462962962962963
0 0.3234375 0.3648148148148148 0.045572916666666664 0.05787037037037037
0 0.28177083333333336 0.32546296296296295 0.03359375 0.049074074074074076